****************
补充：
数据来源：姚冠
时间：2023-5-6
N：50
对应mat：NeedleTip/2023-5-6-50groups.mat，对应变量名称为a
对应yaml：YamlFiles/experience_data2.yaml
*****************

# 针尖优化数据
##采集的N组标识球数据
[-29.0012, -15.1248, 504.76599;
 -41.024502, -77.9533, 474.547;
 -8.8932104, -64.616898, 502.905;
 -30.7311, 18.579201, 515.32098]
[-14.229, -16.8333, 514.50098;
 -21.4139, -81.533897, 486.79999;
 8.8333302, -65.0438, 515.56799;
 -18.332199, 17.130699, 523.44299]
[-58.6264, -12.0145, 496.349;
 -79.0681, -70.7444, 462.61301;
 -46.762402, -64.029404, 493.03799;
 -55.4165, 21.064899, 508.42401]
[-48.650398, -13.3904, 498.80701;
 -65.897598, -73.138397, 465.07401;
 -34.951401, -65.0093, 496.54999;
 -46.98, 19.9074, 510.58899]
[-10.9445, -15.481, 512.10699;
 -16.5938, -79.3452, 482.19699;
 11.3255, -64.043602, 513.83301;
 -15.3523, 18.303801, 521.56897]
[-25.6443, -13.6288, 501.85101;
 -36.859299, -76.555, 471.52499;
 -3.95748, -62.3741, 498.55801;
 -28.0497, 19.896, 512.83502]
[-59.1539, -10.3533, 492.67499;
 -80.723503, -69.6007, 460.58701;
 -44.574402, -61.327801, 485.87;
 -56.269901, 22.592501, 505.19]
[-85.854897, -0.72930402, 480.44;
 -114.492, -53.923698, 443.62399;
 -79.596703, -53.113701, 471.83899;
 -78.455902, 30.6532, 494.957]
[-73.615799, -3.8700199, 482.41299;
 -99.209702, -59.459702, 446.918;
 -63.235298, -55.537201, 473.46799;
 -68.302803, 28.0791, 496.604]
[-12.0827, -13.4791, 506.01599;
 -18.942801, -77.417503, 476.521;
 12.305, -61.0121, 504.25;
 -16.634899, 20.040701, 516.315]
[7.9495702, -11.9392, 513.62598;
 7.68926, -76.982697, 485.798;
 36.056599, -57.397099, 514.53998;
 0.24419001, 21.370399, 522.65198]
[20.576599, -9.7214003, 518.47498;
 24.462299, -75.054398, 491.61099;
 51.097, -53.551498, 520.64001;
 10.8732, 23.235001, 526.84601]
[13.6257, -10.6399, 514.63702;
 15.1731, -75.722198, 486.94199;
 42.9921, -55.2929, 515.633;
 4.9959202, 22.4599, 523.59802]
[4.7747898, -10.62, 507.811;
 2.9616499, -77.864403, 485.901;
 37.328899, -52.055401, 498.83301;
 -3.4953899, 22.320999, 517.65302]
[32.491199, -7.34939, 524.82501;
 39.727501, -75.321404, 506.58801;
 69.871201, -45.371101, 521.03699;
 19.960501, 24.913, 532.06897]
[1.92372, -12.9749, 512.24298;
 -1.01359, -80.297897, 490.69901;
 33.414101, -55.652599, 505.591;
 -5.71597, 20.3323, 521.33197]
[-37.3825, -15.1132, 503.224;
 -52.9193, -79.594101, 478.608;
 -14.5466, -62.665501, 494.58899;
 -38.6096, 18.592699, 513.84302]
[-65.639099, -9.9581203, 492.83499;
 -89.720398, -70.024696, 464.24701;
 -49.936699, -59.9841, 482.43799;
 -62.187599, 22.985201, 505.211]
[-47.940498, -12.5533, 496.672;
 -66.739304, -74.907204, 469.03601;
 -28.167999, -61.374401, 487.57199;
 -47.301899, 20.803301, 508.38901]
[-0.196722, -14.0247, 514.01099;
 -3.8740001, -80.677101, 490.578;
 29.6054, -58.247002, 510.33899;
 -7.1817002, 19.481501, 522.89398]
[25.3319, -9.83568, 524.09601;
 30.125401, -77.302902, 503.35199;
 60.075699, -50.448898, 523.258;
 14.2611, 22.9566, 531.34003]
[1.57822, -18.508499, 530.16803;
 -1.48296, -87.029701, 512.82898;
 32.2369, -62.282799, 529.10797;
 -5.8246398, 15.5061, 536.37799]
[-14.3857, -24.9536, 545.823;
 -22.6175, -93.9505, 532.526;
 12.3134, -71.1464, 549.08698;
 -19.059, 9.8980503, 549.54901]
[-36.861599, -10.8696, 493.31299;
 -51.995201, -72.652397, 462.345;
 -16.1647, -59.611099, 486.01999;
 -37.699299, 22.2757, 505.603]
[-30.825001, 5.8896899, 463.582;
 -44.341099, -51.834999, 424.97699;
 -7.5473399, -39.465099, 447.508;
 -32.855, 36.752499, 480.72]
[-30.799, 0.452508, 472.36899;
 -44.295799, -59.535, 437.37601;
 -6.9090199, -44.997799, 457.509;
 -32.984699, 32.085899, 488.01801]
[-30.5966, -8.3962498, 488.87701;
 -44.004101, -71.445503, 459.71899;
 -6.26828, -54.528301, 477.16199;
 -32.917599, 24.4377, 501.79599]
[-30.4883, -13.2366, 499.651;
 -43.905201, -78.028603, 474.608;
 -5.8536801, -59.618401, 489.694;
 -32.877201, 20.2458, 510.767]
[-20.3274, -17.9865, 515.18201;
 -30.300501, -85.283897, 495.771;
 6.9708099, -63.341301, 507.76401;
 -24.537001, 16.049999, 523.79303]
[-22.330099, -22.043301, 527.95398;
 -32.825901, -90.511101, 513.56201;
 4.8744202, -67.671303, 522.01703;
 -26.3274, 12.467, 534.54401]
[-25.8552, -9.8651505, 492.86099;
 -37.6712, -74.369797, 466.315;
 0.155255, -54.946701, 480.67999;
 -29.1222, 23.1607, 505.06601]
[-18.2841, 5.4969101, 466.58701;
 -27.776199, -53.8139, 429.207;
 8.2831402, -38.1348, 450.84799;
 -22.4939, 36.403999, 483.242]
[-57.173599, 9.38591, 458.194;
 -78.594398, -44.160099, 417.216;
 -41.023899, -38.631001, 441.14001;
 -54.739399, 39.625999, 476.35901]
[-56.482899, 7.4296498, 460.927;
 -77.739403, -47.010899, 421.05801;
 -39.926998, -40.626099, 444.38;
 -54.206799, 37.9725, 478.60001]
[-2.6984899, -1.17187, 483.00601;
 -7.1912899, -63.4655, 449.772;
 26.6572, -44.562302, 472.38599;
 -9.2965202, 30.6534, 496.93301]
[-56.332802, 5.8551202, 463.285;
 -77.5439, -49.0849, 424.082;
 -39.741501, -42.3894, 447.33301;
 -54.0811, 36.6143, 480.58099]
[-78.769203, 14.2628, 454.89899;
 -106.336, -35.5527, 412.90302;
 -68.585197, -35.1278, 437.17599;
 -72.743698, 43.6796, 473.57199]
[-49.444901, -18.5438, 511.87799;
 -68.702301, -82.5924, 488.811;
 -30.0334, -68.039497, 506.34299;
 -48.560501, 15.5671, 521.15198]
[-38.585701, -17.130699, 508.401;
 -54.528198, -81.519096, 483.80099;
 -16.9319, -65.641701, 502.48001;
 -39.387402, 16.8139, 518.27399]
[-20.9916, 4.4886599, 467.62701;
 -31.1381, -53.016102, 427.68399;
 2.7548001, -41.658199, 454.827;
 -24.279699, 35.499699, 484.29599]
[-45.659, -16.5781, 506.61499;
 -63.6413, -79.693901, 480.19199;
 -26.5807, -66.263802, 501.65302;
 -45.126202, 17.2764, 516.81]
[-54.491901, -18.473101, 512.104;
 -75.2006, -81.683701, 488.00601;
 -37.0103, -68.799301, 507.75201;
 -52.633999, 15.5965, 521.38599]
[-66.366302, -11.7769, 497.08401;
 -90.505501, -71.617599, 468.07501;
 -52.076302, -62.7215, 489.48801;
 -62.5424, 21.355499, 508.83099]
[0.772641, -12.3381, 509.76501;
 -2.6468201, -78.371399, 484.604;
 30.595501, -56.477699, 505.34201;
 -6.3051901, 20.937599, 519.40802]
[-36.508202, -7.7870202, 486.93399;
 -51.6619, -68.725304, 454.345;
 -15.4228, -56.005001, 477.569;
 -37.436901, 24.9321, 500.311]
[-60.828701, 2.04159, 469.73099;
 -83.338097, -53.696899, 432.42599;
 -45.4137, -47.126301, 455.513;
 -57.840698, 33.322399, 485.94699]
[2.2516601, -7.1252198, 497.74301;
 -0.677908, -71.594803, 468.75601;
 32.388901, -50.721199, 490.78699;
 -5.0698199, 25.478901, 509.30701]
[-0.171189, -7.5910401, 497.42999;
 -3.8885801, -72.015602, 468.43399;
 29.4694, -51.5098, 490.37;
 -7.1030102, 25.087, 509.026]
[-69.981903, 3.35443, 469.134;
 -95.091003, -50.812801, 431.17899;
 -57.3144, -46.630199, 455.05099;
 -65.418602, 34.354801, 485.521]
[-47.911999, -1.91637, 475.54901;
 -66.534698, -59.930302, 439.595;
 -29.5075, -50.548599, 463.16199;
 -46.993099, 29.957899, 490.832]
##器械模板坐标系坐标值
[ 0., 0., 0.,
  7.0747100000000003e+01, 0., 0.,
  4.1330100000000002e+01, 3.3898200000000003e+01, 0.,
  -3.4146000000000001e+01, -9.1819199999999999e+00, 3.1964500000000001e-01 ]
##构造R_m*Ps=t_m，最小二乘法求解Ps=[P_temp;P_cam]
R_m=
  -0.169947    0.800394    -0.57488          -1          -0          -0
  -0.888071   -0.377249   -0.262704          -0          -1          -0
   -0.42714    0.465888    0.774919          -0          -0          -1
  -0.101559    0.804169    -0.58566          -1          -0          -0
  -0.914536   -0.307173    -0.26319          -0          -1          -0
  -0.391548    0.508878    0.766638          -0          -0          -1
  -0.288941    0.702282   -0.650625          -1          -0          -0
  -0.830138   -0.522305   -0.195112          -0          -1          -0
  -0.476849    0.483733    0.733906          -0          -0          -1
  -0.243784    0.701351   -0.669833          -1          -0          -0
  -0.844527    -0.49308   -0.208917          -0          -1          -0
  -0.476806    0.514761    0.712515          -0          -0          -1
 -0.0798516    0.754325   -0.651627          -1          -0          -0
   -0.90271   -0.331982   -0.273683          -0          -1          -0
  -0.422774    0.566377    0.707446          -0          -0          -1
  -0.158525    0.833047   -0.530003          -1          -0          -0
  -0.889454    -0.35353   -0.289634          -0          -1          -0
   -0.42865    0.425499       0.797          -0          -0          -1
  -0.304884    0.801827   -0.513925          -1          -0          -0
  -0.837452   -0.482693   -0.256283          -0          -1          -0
  -0.453563    0.352251    0.818658          -0          -0          -1
  -0.404783    0.678148   -0.613405          -1          -0          -0
  -0.751896   -0.628602   -0.198775          -0          -1          -0
  -0.520387    0.380756    0.764344          -0          -0          -1
  -0.361766    0.747307   -0.557367          -1          -0          -0
  -0.785752   -0.566165   -0.249101          -0          -1          -0
  -0.501717    0.347835    0.792017          -0          -0          -1
 -0.0969656    0.837663   -0.537511          -1          -0          -0
  -0.903759   -0.300327   -0.304997          -0          -1          -0
  -0.416914    0.456207    0.786167          -0          -0          -1
-0.00368179    0.833655   -0.552273          -1          -0          -0
  -0.919381   -0.220062   -0.326054          -0          -1          -0
  -0.393351    0.506549    0.767257          -0          -0          -1
  0.0549251    0.833387   -0.549954          -1          -0          -0
  -0.923472   -0.167058   -0.345385          -0          -1          -0
  -0.379714    0.526838    0.760434          -0          -0          -1
  0.0218708    0.839646   -0.542693          -1          -0          -0
   -0.91993   -0.195649   -0.339779          -0          -1          -0
  -0.391472    0.506671    0.768137          -0          -0          -1
 -0.0256286    0.991596   -0.126813          -1          -0          -0
  -0.950489  -0.0634704   -0.304206          -0          -1          -0
  -0.309699    0.112738    0.944128          -0          -0          -1
   0.102284    0.978006   -0.181773          -1          -0          -0
  -0.960776   0.0497747   -0.272823          -0          -1          -0
  -0.257775    0.202549    0.944736          -0          -0          -1
 -0.0415194    0.979592   -0.196661          -1          -0          -0
  -0.951603  -0.0987597    -0.29103          -0          -1          -0
  -0.304513     0.17506    0.936283          -0          -0          -1
  -0.219611    0.941421   -0.255925          -1          -0          -0
  -0.911431   -0.291543   -0.290337          -0          -1          -0
  -0.347942    0.169497    0.922067          -0          -0          -1
  -0.340384    0.878231   -0.335931          -1          -0          -0
  -0.849033   -0.440598   -0.291576          -0          -1          -0
  -0.404082    0.185969    0.895619          -0          -0          -1
  -0.265717    0.907261   -0.325992          -1          -0          -0
  -0.881364   -0.365633   -0.299183          -0          -1          -0
  -0.390631     0.20782    0.896782          -0          -0          -1
 -0.0519763    0.942534   -0.330042          -1          -0          -0
   -0.94212   -0.155892   -0.296828          -0          -1          -0
  -0.331221    0.295512    0.896083          -0          -0          -1
  0.0677533    0.942342    -0.32772          -1          -0          -0
  -0.953641  -0.0353702   -0.298862          -0          -1          -0
  -0.293222    0.332776    0.896259          -0          -0          -1
 -0.0432698    0.957192   -0.286202          -1          -0          -0
  -0.968536   -0.110465   -0.223017          -0          -1          -0
  -0.245085    0.267546    0.931854          -0          -0          -1
  -0.116355    0.929487   -0.350023          -1          -0          -0
  -0.975262   -0.173613   -0.136833          -0          -1          -0
  -0.187953    0.325443    0.926694          -0          -0          -1
  -0.213914    0.871378   -0.441521          -1          -0          -0
  -0.873291   -0.373121    -0.31328          -0          -1          -0
  -0.437726    0.318561    0.840782          -0          -0          -1
  -0.191049    0.919628   -0.343199          -1          -0          -0
   -0.81593   -0.343153     -0.4653          -0          -1          -0
  -0.545672    0.191131    0.815911          -0          -0          -1
  -0.190776    0.937359   -0.291484          -1          -0          -0
  -0.847916   -0.306973   -0.432211          -0          -1          -0
  -0.494615    0.164698    0.853364          -0          -0          -1
  -0.189514     0.94875   -0.252897          -1          -0          -0
  -0.891192    -0.27432   -0.361283          -0          -1          -0
  -0.412143    0.156912    0.897506          -0          -0          -1
  -0.189647    0.957948   -0.215334          -1          -0          -0
  -0.915826   -0.251653   -0.312943          -0          -1          -0
  -0.353973     0.13786    0.925039          -0          -0          -1
  -0.140968    0.977172   -0.158942          -1          -0          -0
  -0.951236   -0.178182   -0.251795          -0          -1          -0
  -0.274367    0.115696     0.95464          -0          -0          -1
  -0.148355    0.983417   -0.104319          -1          -0          -0
  -0.967783   -0.166072   -0.189249          -0          -1          -0
  -0.203435   0.0728817    0.976372          -0          -0          -1
  -0.167017    0.970944   -0.171383          -1          -0          -0
  -0.911766    -0.21825   -0.347923          -0          -1          -0
  -0.375218   0.0981523    0.921725          -0          -0          -1
   -0.13417    0.947322   -0.290826          -1          -0          -0
   -0.83835   -0.264988   -0.476393          -0          -1          -0
  -0.528363    0.179897    0.829741          -0          -0          -1
  -0.302779    0.845577   -0.439687          -1          -0          -0
  -0.756861   -0.493706   -0.428271          -0          -1          -0
  -0.579212    0.203111    0.789468          -0          -0          -1
  -0.300457     0.85473   -0.423276          -1          -0          -0
  -0.769507   -0.479433   -0.421904          -0          -1          -0
  -0.563547     0.19895    0.801769          -0          -0          -1
 -0.0635054    0.943425   -0.325447          -1          -0          -0
  -0.880511   -0.206466   -0.426699          -0          -1          -0
  -0.469752    0.259462    0.843808          -0          -0          -1
  -0.299815    0.854991   -0.423203          -1          -0          -0
  -0.776568   -0.476394   -0.412299          -0          -1          -0
  -0.554123    0.205033    0.806789          -0          -0          -1
   -0.38965    0.775503   -0.496757          -1          -0          -0
  -0.704137    -0.59852   -0.382054          -0          -1          -0
  -0.593603    0.200917    0.779274          -0          -0          -1
  -0.272201     0.90452   -0.328253          -1          -0          -0
   -0.90532   -0.356325   -0.231145          -0          -1          -0
  -0.326041    0.234256    0.915872          -0          -0          -1
  -0.225343    0.913534   -0.338639          -1          -0          -0
  -0.910118   -0.321427   -0.261476          -0          -1          -0
  -0.347715     0.24928    0.903855          -0          -0          -1
  -0.143418    0.875381   -0.461671          -1          -0          -0
   -0.81282   -0.370315   -0.449656          -0          -1          -0
  -0.564584    0.310767    0.764636          -0          -0          -1
  -0.254179    0.872717   -0.416843          -1          -0          -0
  -0.892134   -0.378004   -0.247405          -0          -1          -0
  -0.373483    0.308995    0.874661          -0          -0          -1
  -0.292717    0.872606   -0.390993          -1          -0          -0
  -0.893474   -0.395264   -0.213238          -0          -1          -0
  -0.340619    0.286924    0.895351          -0          -0          -1
  -0.341203    0.837564   -0.426693          -1          -0          -0
   -0.84584   -0.471589   -0.249318          -0          -1          -0
  -0.410043    0.275846    0.869352          -0          -0          -1
 -0.0483336    0.938707   -0.341311          -1          -0          -0
   -0.93337   -0.164117   -0.319196          -0          -1          -0
  -0.355646    0.303141    0.884093          -0          -0          -1
  -0.214196     0.88318   -0.417269          -1          -0          -0
  -0.861355   -0.372234   -0.345701          -0          -1          -0
  -0.460638    0.285369    0.840462          -0          -0          -1
  -0.318168    0.842667   -0.434375          -1          -0          -0
  -0.787856    -0.48987   -0.373242          -0          -1          -0
  -0.527306    0.223472    0.819761          -0          -0          -1
 -0.0414067    0.939533   -0.339946          -1          -0          -0
  -0.911268   -0.175036   -0.372764          -0          -1          -0
  -0.409727    0.294346    0.863414          -0          -0          -1
 -0.0525456    0.938466    -0.34135          -1          -0          -0
  -0.910633   -0.185323   -0.369327          -0          -1          -0
  -0.409861    0.291438    0.864336          -0          -0          -1
  -0.354914     0.80642   -0.472993          -1          -0          -0
  -0.765644   -0.541045   -0.347936          -0          -1          -0
  -0.536493    0.238657    0.809456          -0          -0          -1
   -0.26323    0.863877   -0.429449          -1          -0          -0
  -0.820019   -0.434853   -0.372119          -0          -1          -0
  -0.508212    0.254203    0.822862          -0          -0          -1
t_m=
  29.0012
  15.1248
 -504.766
   14.229
  16.8333
 -514.501
  58.6264
  12.0145
 -496.349
  48.6504
  13.3904
 -498.807
  10.9445
  15.4809
 -512.107
  25.6443
  13.6288
 -501.851
  59.1539
  10.3534
 -492.675
  85.8549
 0.729302
  -480.44
  73.6158
  3.87003
 -482.413
  12.0827
  13.4791
 -506.016
 -7.94957
  11.9393
 -513.626
 -20.5766
  9.72136
 -518.475
 -13.6257
  10.6399
 -514.637
  -4.7748
    10.62
 -507.811
 -32.4912
   7.3494
 -524.825
 -1.92373
  12.9749
 -512.242
  37.3825
  15.1132
 -503.224
  65.6391
  9.95809
 -492.835
  47.9405
  12.5533
 -496.672
 0.196731
  14.0247
 -514.011
 -25.3319
  9.83575
 -524.096
 -1.57821
  18.5085
 -530.168
  14.3857
  24.9536
 -545.823
  36.8616
  10.8696
 -493.313
   30.825
 -5.88968
 -463.582
   30.799
-0.452523
 -472.369
  30.5966
  8.39626
 -488.877
  30.4883
  13.2366
 -499.651
  20.3274
  17.9865
 -515.182
  22.3301
  22.0433
 -527.954
  25.8552
  9.86512
 -492.861
  18.2841
 -5.49689
 -466.587
  57.1736
 -9.38591
 -458.194
  56.4829
 -7.42962
 -460.927
   2.6985
  1.17188
 -483.006
  56.3328
 -5.85516
 -463.285
  78.7692
 -14.2629
 -454.899
  49.4449
  18.5438
 -511.877
  38.5857
  17.1307
 -508.401
  20.9916
  -4.4887
 -467.627
  45.6589
  16.5781
 -506.615
  54.4919
  18.4732
 -512.104
  66.3663
  11.7769
 -497.084
-0.772641
  12.3381
 -509.765
  36.5082
  7.78703
 -486.934
  60.8287
 -2.04159
 -469.731
 -2.25165
  7.12516
 -497.743
 0.171172
  7.59107
  -497.43
  69.9819
 -3.35441
 -469.134
   47.912
  1.91638
 -475.549
## 重变换误差
group0:0.231214
group1:0.663656
group2:0.359585
group3:0.76387
group4:0.497309
group5:0.251726
group6:0.43348
group7:0.528323
group8:0.338925
group9:0.461516
group10:0.987162
group11:0.287835
group12:0.350117
group13:0.117087
group14:0.937088
group15:0.33612
group16:0.113278
group17:0.460749
group18:0.114003
group19:0.121578
group20:0.224919
group21:0.32011
group22:0.175698
group23:0.223985
group24:0.429699
group25:0.442445
group26:0.331106
group27:0.558403
group28:0.285744
group29:0.151265
group30:0.639907
group31:0.287716
group32:0.427581
group33:0.265138
group34:0.442498
group35:0.333433
group36:0.19756
group37:0.444095
group38:0.564119
group39:0.429526
group40:0.513282
group41:0.548658
group42:0.549593
group43:0.319946
group44:0.197063
group45:0.235969
group46:0.172212
group47:0.24148
group48:0.62023
group49:0.345541
## 计算得到的针尖坐标
pinpoint_loc=
[-214.097, -54.7877, 17.0335]